35840
12853
15454
97136
12851
66142
45433
58718
15546
77271
25942
33675
93934
45289
73777
77872
26781
65452
67769
79529
52976
67633
56618
28516
95679
89787
11754
13962
69414
21611
57746
75139
65763
59447
43923
97512
93247
52444
83151
75614
11399
91611
97728
38988
93782
58285
93523
76864
69121
99835
35799
61389
93346
77433
55344
51517
49326
27858
75271
57186
21897
69179
97335
18817
36767
38151
88494
95546
74365
38277
45674
82117
24139
14183
85676
39693
19656
99757
35757
41544
72246
99892
73992
33724
89797
34446
84192
49371
49154
73351
12842
18413
18415
92842
91448
81349
47831
32851
63194
64428
72458
49411
53734
97633
52991
77798
11119
98941
22361
48896
85251
66876
18991
65215
26841
87339
59297
13598
56412
13995
29359
13398
93113
59896
27366
77382
33417
83424
54921
63696
73291
29882
95411
45521
71255
57789
63416
24765
82373
76695
37812
59794
76995
48146
23198
44659
26196
84459
68644
16415
53665
74225
33459
14118
41947
13753
46972
56861
26196
83971
73187
64989
82452
21495
33452
52258
49338
56311
11398
66437
57322
21239
74117
83393
33438
68477
65268
93961
44224
67258
96346
43956
86629
86356
78781
73589
43427
47136
11716
17659
64267
56236
11123
52682
13766
47272
48495
67465
31553
37229
85143
64498
64716
36326
48138
54257
35366
38354
74984
72778
47777
98314
28197
66649
57683
72322
53185
68771
22163
31183
74279
63642
38627
48262
69195
15146
66543
56876
52532
78114
83436
79561
42859
63145
29427
76994
29778
34763
35656
94445
11361
92471
77258
35829
61293
82168
86761
59884
17852
89543
73454
66563
35938
13861
77248
89749
79168
55839
24182
91859
91833
86838
78266
71256
16199
56621
86467
15275
47975
67226
32335
63313
86972
31551
11755
41293
13913
96584
79981
44245
12519
21591
58651
68811
89348
87372
84367
21156
15198
39388
15338
23445
78786
16335
61297
14148
85798
76298
74932
98219
42137
77391
95129
37347
24913
27369
24178
33786
63237
78563
45189
51256
51634
16555
39615
17986
11966
31543
35816
78258
51246
88559
79258
56933
45245
11123
23876
66375
76763
95255
72988
76523
36859
49451
94767
81827
72713
74852
73394
78822
81382
11138
22225
42776
78239
69185
66465
22849
36558
12724
27444
79746
33722
73815
54286
24233
66566
97541
95165
95778
33181
91414
95131
69732
77733
16383
54186
39811
35661
69413
45537
22623
11663
92691
95976
36836
21377
74547
71498
46658
79547
95193
19593
16174
96563
94456
28947
44855
77117
66167
97953
62195
24311
25727
34779
26386
69548
64829
14836
33316
23361
45951
19556
55632
77361
71946
47131
73563
85117
76579
78131
67555
37649
92385
16472
79182
24272
32815
14518
29136
66981
86819
71223
92614
35763
23253
92369
33438
21667
26746
77315
65716
56811
82445
65743
27795
54768
93248
55797
57343
61147
87114
12438
44143
35689
93641
94973
87513
16684
17557
99892
54743
52668
61166
23113
41332
81288
51429
74696
28795
61361
72799
48579
68988
24188
81735
71615
58674
31151
17827
79284
12513
19179
59512
23579
31872
88388
36738
76218
78476
94371
43859
27428
11254
75329
36828
21819
39554
48618
23935
15771
78765
99677
71138
23712
24847
22325
74523
37339
71486
73957
53339
34243
98139
73899
39867
21853
59634
38438
41561
34399
56958
52248
88739
83262
94842
86783
88157
52889
69614
83218
14572
88149
69636
99864
45572
82398
31375
53321
64553
35673
41411
13778
76626
79511
37355
65286
41215
88256
78276
15596
72451
72167
52599
56155
88645
16332
53483
99762
93676
11598
57467
28123
22536
54921
11887
17347
76294
66834
52685
26516
11289
66352
37461
32728
48718
45368
64764
12811
43382
23536
71729
81411
12284
21418
56535
24893
54241
91761
54378
32431
16413
73637
18596
93113
91394
16662
33379
74567
24574
37733
85978
57537
31171
46854
61355
44444
77942
72276
93998
49946
69288
24983
26589
58282
38144
58371
57822
93296
29754
85492
34773
48869
27852
62451
89963
61791
81946
82144
32462
82625
84679
36141
79954
86914
54584
45627
36974
14354
13859
17845
66658
47337
39412
87415
64836
45724
12624
98469
28835
74454
46673
11978
54695
87558
99883
62279
28748
16714
55133
23863
25415
54138
85427
59575
66235
65786
24829
75378
22465
79993
15439
27494
25788
46728
77695
29443
53181
86745
13968
77388
57918
39173
17182
83783
28188
29259
75543
82621
36214
64759
43467
35693
62384
36483
32113
28838
91416
45258
75368
47997
95127
66955
34399
31948
16485
56336
64521
37485
12284
93224
41572
79239
83135
12419
98358
44318
72692
46394
68878
26734
98835
94757
81163
31581
98338
65974
75546
46471
49528
11525
22714
72223
41576
75858
59218
22455
58927
52919
73374
34522
68993
62363
55195
46181
84577
87245
23311
56168
14663
28566
99567
72867
52194
54162
67884
19846
27962
78189
51269
42495
66866
99171
86491
56462
93149
78133
83398
55469
93584
37664
96541
23694
61436
16828
98834
82753
97586
11743
64879
98249
48839
63472
44317
79371
66577
74911
12649
54151
69832
68673
69243
67623
42386
55924
25964
39615
21548
57624
36484
74369
22841
91893
38228
38511
66673
21978
71671
57931
59253
23873
18228
54212
57179
85734
53854
38954
65489
57954
61117
42935
17728
13919
77874
21147
23693
61783
22484
97893
46931
17158
11695
53342
44515
17196
93867
88825
19965
87563
75337
52191
82665
41768
78667
67395
39328
43163
35666
54998
55487
87172
72845
93981
72391
68644
96754
32239
36231
44581
31396
87844
81315
85134
75493
72317
56659
49982
43287
88676
56872
14866
91318
24248
83173
66555
41214
81671
56751
96288
82159
73741
52815
31999
97529
16417
35765
67497
55475
65335
37812
87144
89435
11918
84738
64444
15652
71389
35889
96299
92391
74296
16943
59166
73759
87288
83585
83566
61314
48235
81529
63993
27599
99677
79196
52919
55329
64818
54496
37723
63982
12423
37481
95532
63341
27746
53736
89792
51613
81599
73699
12432
67283
67247
99167
99231
51637
13165
77374
24631
85355
27565
65291
89273
77395
61983
91793
52526
25892
77595
92492
44338
98827
51682
77986
41565
46248
25159
72654
56177
17944
32535
18288
59521
82448
34422
32263
41552
81841
11911
32738
36527
69848
52164
64332
96599
79494
27625
35287
48278
17162
68558
45544
71149
96182
92122
34548
63378
17532
69798
56416
41159
94871
21236
23171
96856
11975
52272
48344
21276
52399
58595
54263
17871
89136
27311
95829
21834
35237
64341
27571
